# Grid file of cell IDs written by SPARTA

245 cells
4 levels
8 4 1 level-1
2 2 1 level-2
2 2 1 level-3
2 2 1 level-4

Cells

65
129
193
257
73
137
201
265
81
145
209
273
89
153
217
281
66
130
194
258
74
138
202
266
82
146
210
274
90
154
218
282
83
211
91
219
75
203
579
1091
1603
2115
707
1219
1731
2243
267
147
275
155
283
651
1163
1675
2187
643
1667
2179
771
1283
1795
2307
5251
9347
13443
17539
84
148
212
276
92
156
220
284
588
1612
2124
716
1228
1740
2252
780
1804
4676
8772
12868
16964
5188
9284
13380
17476
5700
9796
13892
17988
6212
10308
14404
18500
4804
8900
12996
17092
5316
9412
13508
17604
5828
9924
14020
18116
6340
10436
14532
18628
5196
9292
13388
17484
4748
8844
12940
17036
5772
9868
13964
18060
4740
8836
12932
17028
5764
9860
13956
18052
4868
8964
13060
17156
5892
9988
14084
18180
5
85
149
213
277
93
157
221
285
2125
653
1677
717
1229
1741
2253
781
1805
1292
2316
4685
8781
12877
16973
5197
9293
13389
17485
5709
9805
13901
17997
5252
9348
13444
17540
6276
10372
14468
18564
5380
9476
13572
17668
6404
10500
14596
18692
5260
9356
13452
17548
6284
10380
14476
18572
8
7
80
144
208
272
88
152
216
280
96
160
224
288
79
143
207
271
87
151
215
279
95
159
223
287
142
270
150
278
158
286
94
222
6
206
86
214
1165
2189
1293
2317
590
1102
1614
2126
