# Grid file of cell IDs written by SPARTA

1035 cells
4 levels
36 18 1 level-1
2 2 1 level-2
2 2 1 level-3
2 2 1 level-4

Cells

1
5
9
37
41
45
73
77
81
109
113
117
145
149
153
181
185
189
217
221
225
253
257
261
289
293
297
325
329
333
361
365
369
397
401
405
433
437
441
469
473
477
505
509
513
541
545
549
577
581
585
613
617
621
2
6
38
42
74
78
110
114
146
150
182
186
218
222
254
258
290
294
326
330
362
366
398
402
434
438
470
474
506
510
542
546
578
582
614
618
3
7
39
43
75
79
111
115
147
151
183
187
219
223
255
259
291
295
327
331
363
367
399
403
435
439
471
475
507
511
543
547
579
583
615
619
4
8
40
44
76
80
112
116
148
152
184
188
220
224
256
260
292
296
328
332
364
368
400
404
436
440
472
476
508
512
544
548
580
584
616
620
10
46
82
118
154
190
226
262
298
334
370
406
442
478
514
550
586
622
11
47
83
119
155
191
227
263
299
335
371
407
443
479
515
551
587
623
12
48
84
120
156
192
228
264
300
336
372
408
13
49
85
121
157
193
229
265
301
337
373
409
445
481
517
553
589
625
444
480
516
552
588
624
14
50
86
122
158
194
230
266
302
338
374
410
446
482
518
554
590
626
15
51
87
123
159
195
231
267
303
339
375
411
447
483
519
555
591
627
16
52
88
124
160
196
232
268
304
340
376
412
448
484
520
556
592
628
1041
3089
1077
3125
1113
3161
1149
3197
234
270
306
342
378
414
450
486
522
558
594
630
161
197
233
269
305
341
377
413
449
485
521
557
593
629
3198
1186
3234
4258
1222
2246
3270
4294
2137
4185
2173
4221
9270
25654
11318
27702
9306
25690
33882
11354
19546
27738
35930
9342
17534
25726
33918
10366
26750
12414
28798
10402
26786
10257
18449
26641
34833
12305
20497
28689
36881
10293
18485
26677
34869
12341
20533
28725
36917
9234
25618
11282
27666
82998
148534
214070
279606
99382
164918
230454
295990
85046
150582
216118
281654
101430
166966
232502
298038
83034
148570
214106
279642
77914
143450
208986
274522
94298
159834
225370
290906
82962
148498
214034
279570
99346
164882
230418
295954
75794
141330
206866
272402
92178
157714
223250
288786
85010
150546
216082
281618
101394
166930
232466
298002
77842
143378
208914
274450
86034
151570
217106
282642
94226
159762
225298
290834
102418
167954
233490
299026
75830
141366
206902
272438
84022
149558
215094
280630
92214
157750
223286
288822
100406
165942
231478
297014
77878
143414
208950
274486
86070
151606
217142
282678
94262
159798
225334
290870
102454
167990
233526
299062
75866
141402
206938
272474
84058
149594
215130
280666
92250
157786
223322
288858
100442
165978
231514
297050
235
271
307
343
379
415
451
487
523
559
595
631
2067
4115
2103
4151
2139
4187
1223
3271
4295
1188
3272
17427
33811
19475
35859
17463
33847
19511
35895
17499
10367
18559
34943
20607
25763
11427
19619
27811
36003
28835
37027
10439
18631
26823
35015
27812
9416
25800
36990
18594
34978
74771
140307
205843
271379
91155
156691
222227
287763
76819
142355
207891
273427
93203
158739
224275
289811
74807
140343
205879
271415
91191
156727
222263
287799
76855
142391
207927
273463
93239
158775
224311
289847
74843
140379
205915
271451
91227
156763
222299
287835
99419
164955
230491
296027
76891
142427
207963
273499
85083
150619
216155
281691
93275
158811
224347
289883
101467
167003
232539
298075
74879
140415
205951
271487
83071
148607
214143
279679
91263
156799
222335
287871
99455
164991
230527
296063
92287
157823
223359
288895
76927
142463
207999
273535
85119
150655
216191
281727
93311
158847
224383
289919
101503
167039
232575
298111
77951
143487
209023
274559
94335
159871
225407
290943
102527
168063
233599
299135
74915
140451
205987
271523
83107
148643
214179
279715
99491
165027
230563
296099
75939
141475
207011
272547
84131
149667
215203
280739
92323
157859
223395
288931
100515
166051
231587
297123
77987
143523
209059
274595
86179
151715
217251
282787
76964
142500
208036
273572
86106
151642
217178
282714
102490
168026
233562
299098
84094
149630
215166
280702
100478
166014
231550
297086
86142
151678
217214
282750
83986
149522
215058
280594
100370
165906
231442
296978
28
32
36
64
68
72
100
104
108
136
140
144
172
176
180
208
212
216
244
248
252
280
284
288
316
320
324
352
356
360
388
392
396
424
428
432
460
464
468
496
500
504
532
536
540
568
572
576
604
608
612
640
644
648
29
33
65
69
101
105
137
141
173
177
209
213
245
249
281
285
317
321
353
357
389
393
425
429
461
465
497
501
533
537
569
573
605
609
641
645
30
34
66
70
102
106
138
142
174
178
210
214
246
250
282
286
318
322
354
358
390
394
426
430
462
466
498
502
534
538
570
574
606
610
642
646
31
35
67
71
103
107
139
143
175
179
211
215
247
251
283
287
319
323
355
359
391
395
427
431
463
467
499
503
535
539
571
575
607
611
643
647
27
63
99
135
171
207
243
279
315
351
387
423
459
495
531
567
603
639
25
61
97
133
169
205
241
277
313
349
385
421
457
493
529
565
601
637
26
62
98
134
170
206
242
278
314
350
386
422
458
494
530
566
602
638
23
59
95
131
167
203
239
275
311
347
383
419
455
491
527
563
599
635
24
60
96
132
168
204
240
276
312
348
384
420
456
492
528
564
600
636
21
57
93
129
165
237
273
309
345
381
417
453
489
525
561
597
633
22
58
94
130
166
202
238
274
310
346
382
418
454
490
526
562
598
634
20
56
92
128
236
272
308
344
380
416
452
488
524
560
596
632
1225
2249
3273
4297
2212
4260
2248
4296
19620
36004
17608
33992
