# Grid file of cell IDs written by SPARTA

10393 cells
4 levels
137 68 1 level-1
2 2 1 level-2
2 2 1 level-3
2 2 1 level-4

Cells

1
5
9
13
17
21
25
29
33
141
145
149
153
157
161
165
169
277
281
285
289
293
297
301
305
413
417
421
425
429
433
437
441
445
549
553
557
561
565
569
573
577
581
689
693
697
701
705
709
713
717
825
829
833
837
841
845
849
853
961
965
969
973
977
981
985
989
993
1097
1101
1105
1109
1113
1117
1121
1125
1129
1237
1241
1245
1249
1253
1257
1261
1265
1373
1377
1381
1385
1389
1393
1397
1401
1509
1513
1517
1521
1525
1529
1533
1537
1541
1645
1649
1653
1657
1661
1665
1669
1673
1677
1785
1789
1793
1797
1801
1805
1809
1813
1921
1925
1929
1933
1937
1941
1945
1949
2057
2061
2065
2069
2073
2077
2081
2085
2089
2193
2197
2201
2205
2209
2213
2217
2221
2225
2333
2337
2341
2345
2349
2353
2357
2361
2469
2473
2477
2481
2485
2489
2493
2497
2605
2609
2613
2617
2621
2625
2629
2633
2637
2741
2745
2749
2753
2757
2761
2765
2769
2773
2881
2885
2889
2893
2897
2901
2905
2909
3017
3021
3025
3029
3033
3037
3041
3045
3153
3157
3161
3165
3169
3173
3177
3181
3185
3289
3293
3297
3301
3305
3309
3313
3317
3321
3429
3433
3437
3441
3445
3449
3453
3457
3565
3569
3573
3577
3581
3585
3589
3593
3701
3705
3709
3713
3717
3721
3725
3729
3733
3837
3841
3845
3849
3853
3857
3861
3865
3869
3977
3981
3985
3989
3993
3997
4001
4005
4113
4117
4121
4125
4129
4133
4137
4141
4249
4253
4257
4261
4265
4269
4273
4277
4281
4385
4389
4393
4397
4401
4405
4409
4413
4417
4525
4529
4533
4537
4541
4545
4549
4553
4661
4665
4669
4673
4677
4681
4685
4689
4797
4801
4805
4809
4813
4817
4821
4825
4829
4933
4937
4941
4945
4949
4953
4957
4961
4965
5073
5077
5081
5085
5089
5093
5097
5101
5209
5213
5217
5221
5225
5229
5233
5237
5345
5349
5353
5357
5361
5365
5369
5373
5377
5481
5485
5489
5493
5497
5501
5505
5509
5513
5621
5625
5629
5633
5637
5641
5645
5649
5757
5761
5765
5769
5773
5777
5781
5785
5893
5897
5901
5905
5909
5913
5917
5921
5925
6029
6033
6037
6041
6045
6049
6053
6057
6061
6169
6173
6177
6181
6185
6189
6193
6197
6305
6309
6313
6317
6321
6325
6329
6333
6441
6445
6449
6453
6457
6461
6465
6469
6473
6577
6581
6585
6589
6593
6597
6601
6605
6609
6717
6721
6725
6729
6733
6737
6741
6745
6853
6857
6861
6865
6869
6873
6877
6881
6989
6993
6997
7001
7005
7009
7013
7017
7021
7125
7129
7133
7137
7141
7145
7149
7153
7157
7265
7269
7273
7277
7281
7285
7289
7293
7401
7405
7409
7413
7417
7421
7425
7429
7537
7541
7545
7549
7553
7557
7561
7565
7569
7673
7677
7681
7685
7689
7693
7697
7701
7705
7813
7817
7821
7825
7829
7833
7837
7841
7949
7953
7957
7961
7965
7969
7973
7977
8085
8089
8093
8097
8101
8105
8109
8113
8117
8221
8225
8229
8233
8237
8241
8245
8249
8253
8361
8365
8369
8373
8377
8381
8385
8389
8497
8501
8505
8509
8513
8517
8521
8525
8633
8637
8641
8645
8649
8653
8657
8661
8665
8769
8773
8777
8781
8785
8789
8793
8797
8801
8909
8913
8917
8921
8925
8929
8933
8937
9045
9049
9053
9057
9061
9065
9069
9073
9181
9185
9189
9193
9197
9201
9205
9209
9213
2
6
10
14
18
22
26
30
34
138
142
146
150
154
158
162
166
170
278
282
286
290
294
298
302
306
414
418
422
426
430
434
438
442
550
554
558
562
566
570
574
578
582
686
690
694
698
702
706
710
714
718
826
830
834
838
842
846
850
854
962
966
970
974
978
982
986
990
1098
1102
1106
1110
1114
1118
1122
1126
1130
1234
1238
1242
1246
1250
1254
1258
1262
1266
1374
1378
1382
1386
1390
1394
1398
1402
1510
1514
1518
1522
1526
1530
1534
1538
1646
1650
1654
1658
1662
1666
1670
1674
1678
1782
1786
1790
1794
1798
1802
1806
1810
1814
1922
1926
1930
1934
1938
1942
1946
1950
2058
2062
2066
2070
2074
2078
2082
2086
2194
2198
2202
2206
2210
2214
2218
2222
2226
2330
2334
2338
2342
2346
2350
2354
2358
2362
2470
2474
2478
2482
2486
2490
2494
2498
2606
2610
2614
2618
2622
2626
2630
2634
2742
2746
2750
2754
2758
2762
2766
2770
2774
2878
2882
2886
2890
2894
2898
2902
2906
2910
3018
3022
3026
3030
3034
3038
3042
3046
3154
3158
3162
3166
3170
3174
3178
3182
3290
3294
3298
3302
3306
3310
3314
3318
3322
3426
3430
3434
3438
3442
3446
3450
3454
3458
3566
3570
3574
3578
3582
3586
3590
3594
3702
3706
3710
3714
3718
3722
3726
3730
3838
3842
3846
3850
3854
3858
3862
3866
3870
3974
3978
3982
3986
3990
3994
3998
4002
4006
4114
4118
4122
4126
4130
4134
4138
4142
4250
4254
4258
4262
4266
4270
4274
4278
4386
4390
4394
4398
4402
4406
4410
4414
4418
4522
4526
4530
4534
4538
4542
4546
4550
4554
4662
4666
4670
4674
4678
4682
4686
4690
4798
4802
4806
4810
4814
4818
4822
4826
4934
4938
4942
4946
4950
4954
4958
4962
4966
5070
5074
5078
5082
5086
5090
5094
5098
5102
5210
5214
5218
5222
5226
5230
5234
5238
5346
5350
5354
5358
5362
5366
5370
5374
5482
5486
5490
5494
5498
5502
5506
5510
5514
5618
5622
5626
5630
5634
5638
5642
5646
5650
5758
5762
5766
5770
5774
5778
5782
5786
5894
5898
5902
5906
5910
5914
5918
5922
6030
6034
6038
6042
6046
6050
6054
6058
6062
6166
6170
6174
6178
6182
6186
6190
6194
6198
6306
6310
6314
6318
6322
6326
6330
6334
6442
6446
6450
6454
6458
6462
6466
6470
6578
6582
6586
6590
6594
6598
6602
6606
6610
6714
6718
6722
6726
6730
6734
6738
6742
6746
6854
6858
6862
6866
6870
6874
6878
6882
6990
6994
6998
7002
7006
7010
7014
7018
7126
7130
7134
7138
7142
7146
7150
7154
7158
7262
7266
7270
7274
7278
7282
7286
7290
7294
7402
7406
7410
7414
7418
7422
7426
7430
7538
7542
7546
7550
7554
7558
7562
7566
7674
7678
7682
7686
7690
7694
7698
7702
7706
7810
7814
7818
7822
7826
7830
7834
7838
7842
7950
7954
7958
7962
7966
7970
7974
7978
8086
8090
8094
8098
8102
8106
8110
8114
8222
8226
8230
8234
8238
8242
8246
8250
8254
8358
8362
8366
8370
8374
8378
8382
8386
8390
8498
8502
8506
8510
8514
8518
8522
8526
8634
8638
8642
8646
8650
8654
8658
8662
8770
8774
8778
8782
8786
8790
8794
8798
8802
8906
8910
8914
8918
8922
8926
8930
8934
8938
9046
9050
9054
9058
9062
9066
9070
9074
9182
9186
9190
9194
9198
9202
9206
9210
3
7
11
15
19
23
27
31
139
143
147
151
155
159
163
167
171
275
279
283
287
291
295
299
303
307
415
419
423
427
431
435
439
443
551
555
559
563
567
571
575
579
687
691
695
699
703
707
711
715
719
823
827
831
835
839
843
847
851
855
963
967
971
975
979
983
987
991
1099
1103
1107
1111
1115
1119
1123
1127
1235
1239
1243
1247
1251
1255
1259
1263
1267
1371
1375
1379
1383
1387
1391
1395
1399
1403
1511
1515
1519
1523
1527
1531
1535
1539
1647
1651
1655
1659
1663
1667
1671
1675
1783
1787
1791
1795
1799
1803
1807
1811
1815
1919
1923
1927
1931
1935
1939
1943
1947
1951
2059
2063
2067
2071
2075
2079
2083
2087
2195
2199
2203
2207
2211
2215
2219
2223
2331
2335
2339
2343
2347
2351
2355
2359
2363
2467
2471
2475
2479
2483
2487
2491
2495
2499
2607
2611
2615
2619
2623
2627
2631
2635
2743
2747
2751
2755
2759
2763
2767
2771
2879
2883
2887
2891
2895
2899
2903
2907
2911
3015
3019
3023
3027
3031
3035
3039
3043
3047
3155
3159
3163
3167
3171
3175
3179
3183
3291
3295
3299
3303
3307
3311
3315
3319
3427
3431
3435
3439
3443
3447
3451
3455
3459
3563
3567
3571
3575
3579
3583
3587
3591
3595
3703
3707
3711
3715
3719
3723
3727
3731
3839
3843
3847
3851
3855
3859
3863
3867
3975
3979
3983
3987
3991
3995
3999
4003
4007
4111
4115
4119
4123
4127
4131
4135
4139
4143
4251
4255
4259
4263
4267
4271
4275
4279
4387
4391
4395
4399
4403
4407
4411
4415
4523
4527
4531
4535
4539
4543
4547
4551
4555
4659
4663
4667
4671
4675
4679
4683
4687
4691
4799
4803
4807
4811
4815
4819
4823
4827
4935
4939
4943
4947
4951
4955
4959
4963
5071
5075
5079
5083
5087
5091
5095
5099
5103
5207
5211
5215
5219
5223
5227
5231
5235
5239
5347
5351
5355
5359
5363
5367
5371
5375
5483
5487
5491
5495
5499
5503
5507
5511
5619
5623
5627
5631
5635
5639
5643
5647
5651
5755
5759
5763
5767
5771
5775
5779
5783
5787
5895
5899
5903
5907
5911
5915
5919
5923
6031
6035
6039
6043
6047
6051
6055
6059
6167
6171
6175
6179
6183
6187
6191
6195
6199
6303
6307
6311
6315
6319
6323
6327
6331
6335
6443
6447
6451
6455
6459
6463
6467
6471
6579
6583
6587
6591
6595
6599
6603
6607
6715
6719
6723
6727
6731
6735
6739
6743
6747
6851
6855
6859
6863
6867
6871
6875
6879
6883
6991
6995
6999
7003
7007
7011
7015
7019
7127
7131
7135
7139
7143
7147
7151
7155
7263
7267
7271
7275
7279
7283
7287
7291
7295
7399
7403
7407
7411
7415
7419
7423
7427
7431
7539
7543
7547
7551
7555
7559
7563
7567
7675
7679
7683
7687
7691
7695
7699
7703
7811
7815
7819
7823
7827
7831
7835
7839
7843
7947
7951
7955
7959
7963
7967
7971
7975
7979
8087
8091
8095
8099
8103
8107
8111
8115
8223
8227
8231
8235
8239
8243
8247
8251
8359
8363
8367
8371
8375
8379
8383
8387
8391
8495
8499
8503
8507
8511
8515
8519
8523
8527
8635
8639
8643
8647
8651
8655
8659
8663
8771
8775
8779
8783
8787
8791
8795
8799
8907
8911
8915
8919
8923
8927
8931
8935
8939
9043
9047
9051
9055
9059
9063
9067
9071
9075
9183
9187
9191
9195
9199
9203
9207
9211
4
8
12
16
20
24
28
32
140
144
148
152
156
160
164
168
172
276
280
284
288
292
296
300
304
308
412
416
420
424
428
432
436
440
444
552
556
560
564
568
572
576
580
688
692
696
700
704
708
712
716
720
824
828
832
836
840
844
848
852
856
960
964
968
972
976
980
984
988
992
1100
1104
1108
1112
1116
1120
1124
1128
1236
1240
1244
1248
1252
1256
1260
1264
1268
1372
1376
1380
1384
1388
1392
1396
1400
1404
1508
1512
1516
1520
1524
1528
1532
1536
1540
1648
1652
1656
1660
1664
1668
1672
1676
1784
1788
1792
1796
1800
1804
1808
1812
1816
1920
1924
1928
1932
1936
1940
1944
1948
1952
2056
2060
2064
2068
2072
2076
2080
2084
2088
2196
2200
2204
2208
2212
2216
2220
2224
2332
2336
2340
2344
2348
2352
2356
2360
2364
2468
2472
2476
2480
2484
2488
2492
2496
2500
2604
2608
2612
2616
2620
2624
2628
2632
2636
2744
2748
2752
2756
2760
2764
2768
2772
2880
2884
2888
2892
2896
2900
2904
2908
2912
3016
3020
3024
3028
3032
3036
3040
3044
3048
3152
3156
3160
3164
3168
3172
3176
3180
3184
3292
3296
3300
3304
3308
3312
3316
3320
3428
3432
3436
3440
3444
3448
3452
3456
3460
3564
3568
3572
3576
3580
3584
3588
3592
3596
3700
3704
3708
3712
3716
3720
3724
3728
3732
3840
3844
3848
3852
3856
3860
3864
3868
3976
3980
3984
3988
3992
3996
4000
4004
4008
4112
4116
4120
4124
4128
4132
4136
4140
4144
4248
4252
4256
4260
4264
4268
4272
4276
4280
4388
4392
4396
4400
4404
4408
4412
4416
4524
4528
4532
4536
4540
4544
4548
4552
4556
4660
4664
4668
4672
4676
4680
4684
4688
4692
4796
4800
4804
4808
4812
4816
4820
4824
4828
4936
4940
4944
4948
4952
4956
4960
4964
5072
5076
5080
5084
5088
5092
5096
5100
5104
5208
5212
5216
5220
5224
5228
5232
5236
5240
5344
5348
5352
5356
5360
5364
5368
5372
5376
5484
5488
5492
5496
5500
5504
5508
5512
5620
5624
5628
5632
5636
5640
5644
5648
5652
5756
5760
5764
5768
5772
5776
5780
5784
5788
5892
5896
5900
5904
5908
5912
5916
5920
5924
6032
6036
6040
6044
6048
6052
6056
6060
6168
6172
6176
6180
6184
6188
6192
6196
6200
6304
6308
6312
6316
6320
6324
6328
6332
6336
6440
6444
6448
6452
6456
6460
6464
6468
6472
6580
6584
6588
6592
6596
6600
6604
6608
6716
6720
6724
6728
6732
6736
6740
6744
6748
6852
6856
6860
6864
6868
6872
6876
6880
6884
6988
6992
6996
7000
7004
7008
7012
7016
7020
7128
7132
7136
7140
7144
7148
7152
7156
7264
7268
7272
7276
7280
7284
7288
7292
7296
7400
7404
7408
7412
7416
7420
7424
7428
7432
7536
7540
7544
7548
7552
7556
7560
7564
7568
7676
7680
7684
7688
7692
7696
7700
7704
7812
7816
7820
7824
7828
7832
7836
7840
7844
7948
7952
7956
7960
7964
7968
7972
7976
7980
8084
8088
8092
8096
8100
8104
8108
8112
8116
8224
8228
8232
8236
8240
8244
8248
8252
8360
8364
8368
8372
8376
8380
8384
8388
8392
8496
8500
8504
8508
8512
8516
8520
8524
8528
8632
8636
8640
8644
8648
8652
8656
8660
8664
8772
8776
8780
8784
8788
8792
8796
8800
8908
8912
8916
8920
8924
8928
8932
8936
8940
9044
9048
9052
9056
9060
9064
9068
9072
9076
9180
9184
9188
9192
9196
9200
9204
9208
9212
38
42
174
178
310
314
446
450
454
586
590
722
726
858
862
994
998
1002
1134
1138
1270
1274
1406
1410
1542
1546
1550
1682
1686
1818
1822
1954
1958
2090
2094
2098
2230
2234
2366
2370
2502
2506
2638
2642
2646
2778
2782
2914
2918
3050
3054
3186
3190
3194
3326
3330
3462
3466
3598
3602
3734
3738
3742
3874
3878
4010
4014
4146
4150
4282
4286
4290
4422
4426
4558
4562
4694
4698
4830
4834
4838
4970
4974
5106
5110
5242
5246
5378
5382
5386
5518
5522
5654
5658
5790
5794
5926
5930
5934
6066
6070
6202
6206
6338
6342
6474
6478
6482
6614
6618
6750
6754
6886
6890
7022
7026
7030
7162
7166
7298
7302
7434
7438
7570
7574
7578
7710
7714
7846
7850
7982
7986
8118
8122
8126
8258
8262
8394
8398
8530
8534
8666
8670
8674
8806
8810
8942
8946
9078
9082
9214
9218
9222
37
41
173
177
309
313
317
449
453
585
589
721
725
857
861
865
997
1001
1133
1137
1269
1273
1405
1409
1413
1545
1549
1681
1685
1817
1821
1953
1957
1961
2093
2097
2229
2233
2365
2369
2501
2505
2509
2641
2645
2777
2781
2913
2917
3049
3053
3057
3189
3193
3325
3329
3461
3465
3597
3601
3605
3737
3741
3873
3877
4009
4013
4145
4149
4153
4285
4289
4421
4425
4557
4561
4693
4697
4701
4833
4837
4969
4973
5105
5109
5241
5245
5249
5381
5385
5517
5521
5653
5657
5789
5793
5797
5929
5933
6065
6069
6201
6205
6337
6341
6345
6477
6481
6613
6617
6749
6753
6885
6889
6893
7025
7029
7161
7165
7297
7301
7433
7437
7441
7573
7577
7709
7713
7845
7849
7981
7985
7989
8121
8125
8257
8261
8393
8397
8529
8533
8537
8669
8673
8805
8809
8941
8945
9077
9081
9085
9217
9221
35
39
43
175
179
311
315
447
451
583
587
591
723
727
859
863
995
999
1131
1135
1139
1271
1275
1407
1411
1543
1547
1679
1683
1687
1819
1823
1955
1959
2091
2095
2227
2231
2235
2367
2371
2503
2507
2639
2643
2775
2779
2783
2915
2919
3051
3055
3187
3191
3323
3327
3331
3463
3467
3599
3603
3735
3739
3871
3875
3879
4011
4015
4147
4151
4283
4287
4419
4423
4427
4559
4563
4695
4699
4831
4835
4967
4971
4975
5107
5111
5243
5247
5379
5383
5515
5519
5523
5655
5659
5791
5795
5927
5931
6063
6067
6071
6203
6207
6339
6343
6475
6479
6611
6615
6619
6751
6755
6887
6891
7023
7027
7159
7163
7167
7299
7303
7435
7439
7571
7575
7707
7711
7715
7847
7851
7983
7987
8119
8123
8255
8259
8263
8395
8399
8531
8535
8667
8671
8803
8807
8811
8943
8947
9079
9083
9215
9219
36
40
176
180
312
316
448
452
584
588
724
728
860
864
996
1000
1132
1136
1272
1276
1408
1412
1544
1548
1680
1684
1820
1824
1956
1960
2092
2096
2228
2232
2368
2372
2504
2508
2640
2644
2776
2780
2916
2920
3052
3056
3188
3192
3324
3328
3464
3468
3600
3604
3736
3740
3872
3876
4012
4016
4148
4152
4284
4288
4420
4424
4560
4564
4696
4700
4832
4836
4968
4972
5108
5112
5244
5248
5380
5384
5516
5520
5656
5660
5792
5796
5928
5932
6064
6068
6204
6208
6340
6344
6476
6480
6612
6616
6752
6756
6888
6892
7024
7028
7160
7164
7300
7304
7436
7440
7572
7576
7708
7712
7848
7852
7984
7988
8120
8124
8256
8260
8396
8400
8532
8536
8668
8672
8804
8808
8944
8948
9080
9084
9216
9220
46
182
318
322
458
594
730
866
870
1006
1142
1278
1414
1418
1554
1690
1826
1962
1966
2102
2238
2374
2510
2514
2650
2786
2922
3058
3062
3198
3334
3470
3606
3610
3746
3882
4018
4154
4158
4294
4430
4566
4702
4706
4842
4978
5114
5250
5254
5390
5526
5662
5798
5802
5938
6074
6210
6346
6350
6486
6622
6758
6894
6898
7034
7170
7306
7442
7446
7582
7718
7854
7990
7994
8130
8266
8402
8538
8542
8678
8814
8950
9086
9090
9226
45
181
185
321
457
593
729
733
869
1005
1141
1277
1281
1417
1553
1689
1825
1829
1965
2101
2237
2373
2377
2513
2649
2785
2921
2925
3061
3197
3333
3469
3473
3609
3745
3881
4017
4021
4157
4293
4429
4565
4569
4705
4841
4977
5113
5117
5253
5389
5525
5661
5665
5801
5937
6073
6209
6213
6349
6485
6621
6757
6761
6897
7033
7169
7305
7309
7445
7581
7717
7853
7857
7993
8129
8265
8401
8405
8541
8677
8813
8949
8953
9089
9225
47
183
319
455
459
595
731
867
1003
1007
1143
1279
1415
1551
1555
1691
1827
1963
2099
2103
2239
2375
2511
2647
2651
2787
2923
3059
3195
3199
3335
3471
3607
3743
3747
3883
4019
4155
4291
4295
4431
4567
4703
4839
4843
4979
5115
5251
5387
5391
5527
5663
5799
5935
5939
6075
6211
6347
6483
6487
6623
6759
6895
7031
7035
7171
7307
7443
7579
7583
7719
7855
7991
8127
8131
8267
8403
8539
8675
8679
8815
8951
9087
9223
9227
44
48
184
320
456
592
596
732
868
1004
1140
1144
1280
1416
1552
1688
1692
1828
1964
2100
2236
2240
2376
2512
2648
2784
2788
2924
3060
3196
3332
3336
3472
3608
3744
3880
3884
4020
4156
4292
4428
4432
4568
4704
4840
4976
4980
5116
5252
5388
5524
5528
5664
5800
5936
6072
6076
6212
6348
6484
6620
6624
6760
6896
7032
7168
7172
7308
7444
7580
7716
7720
7856
7992
8128
8264
8268
8404
8540
8676
8812
8816
8952
9088
9224
50
54
186
190
326
462
466
598
602
734
738
874
1010
1014
1146
1150
1282
1286
1422
1558
1562
1694
1698
1830
1834
1970
2106
2110
2242
2246
2378
2382
2518
2654
2658
2790
2794
2926
2930
3066
3202
3206
3338
3342
3474
3478
3614
3750
3754
3886
3890
4022
4026
4162
4298
4302
4434
4438
4570
4574
4710
4846
4850
4982
4986
5118
5122
5258
5394
5398
5530
5534
5666
5670
5806
5942
5946
6078
6082
6214
6218
6354
6490
6494
6626
6630
6762
6766
6902
7038
7042
7174
7178
7310
7314
7450
7586
7590
7722
7726
7858
7862
7998
8134
8138
8270
8274
8406
8410
8546
8682
8686
8818
8822
8954
8958
9094
9230
9234
49
53
189
325
329
461
465
597
601
737
873
877
1009
1013
1145
1149
1285
1421
1425
1557
1561
1693
1697
1833
1969
1973
2105
2109
2241
2245
2381
2517
2521
2653
2657
2789
2793
2929
3065
3069
3201
3205
3337
3341
3477
3613
3617
3749
3753
3885
3889
4025
4161
4165
4297
4301
4433
4437
4573
4709
4713
4845
4849
4981
4985
5121
5257
5261
5393
5397
5529
5533
5669
5805
5809
5941
5945
6077
6081
6217
6353
6357
6489
6493
6625
6629
6765
6901
6905
7037
7041
7173
7177
7313
7449
7453
7585
7589
7721
7725
7861
7997
8001
8133
8137
8269
8273
8409
8545
8549
8681
8685
8817
8821
8957
9093
9097
9229
9233
51
55
187
191
323
327
463
599
603
735
739
871
875
1011
1147
1151
1283
1287
1419
1423
1559
1695
1699
1831
1835
1967
1971
2107
2243
2247
2379
2383
2515
2519
2655
2791
2795
2927
2931
3063
3067
3203
3339
3343
3475
3479
3611
3615
3751
3887
3891
4023
4027
4159
4163
4299
4435
4439
4571
4575
4707
4711
4847
4983
4987
5119
5123
5255
5259
5395
5531
5535
5667
5671
5803
5807
5943
6079
6083
6215
6219
6351
6355
6491
6627
6631
6763
6767
6899
6903
7039
7175
7179
7311
7315
7447
7451
7587
7723
7727
7859
7863
7995
7999
8135
8271
8275
8407
8411
8543
8547
8683
8819
8823
8955
8959
9091
9095
9231
52
188
192
324
328
460
464
600
736
740
872
876
1008
1012
1148
1284
1288
1420
1424
1556
1560
1696
1832
1836
1968
1972
2104
2108
2244
2380
2384
2516
2520
2652
2656
2792
2928
2932
3064
3068
3200
3204
3340
3476
3480
3612
3616
3748
3752
3888
4024
4028
4160
4164
4296
4300
4436
4572
4576
4708
4712
4844
4848
4984
5120
5124
5256
5260
5392
5396
5532
5668
5672
5804
5808
5940
5944
6080
6216
6220
6352
6356
6488
6492
6628
6764
6768
6900
6904
7036
7040
7176
7312
7316
7448
7452
7584
7588
7724
7860
7864
7996
8000
8132
8136
8272
8408
8412
8544
8548
8680
8684
8820
8956
8960
9092
9096
9228
9232
58
62
66
194
198
202
330
334
338
470
474
606
610
614
742
746
750
878
882
886
1018
1022
1154
1158
1162
1290
1294
1298
1426
1430
1434
1566
1570
1574
1702
1706
1710
1838
1842
1846
1974
1978
1982
1986
2114
2118
2122
2250
2254
2258
2386
2390
2394
2522
2526
2530
2534
2662
2666
2670
2798
2802
2806
2934
2938
2942
3070
3074
3078
3082
3210
3214
3218
3346
3350
3354
3482
3486
3490
3618
3622
3626
3630
3758
3762
3766
3894
3898
3902
4030
4034
4038
4166
4170
4174
4178
4306
4310
4314
4442
4446
4450
4578
4582
4586
4714
4718
4722
4726
4854
4858
4862
4990
4994
4998
5126
5130
5134
5262
5266
5270
5274
5402
5406
5410
5538
5542
5546
5674
5678
5682
5810
5814
5818
5822
5950
5954
5958
6086
6090
6094
6222
6226
6230
6358
6362
6366
6370
6498
6502
6506
6634
6638
6642
6770
6774
6778
6906
6910
6914
6918
7046
7050
7054
7182
7186
7190
7318
7322
7326
7454
7458
7462
7466
7594
7598
7602
7730
7734
7738
7866
7870
7874
8002
8006
8010
8014
8142
8146
8150
8278
8282
8286
8414
8418
8422
8550
8554
8558
8562
8690
8694
8698
8826
8830
8834
8962
8966
8970
9098
9102
9106
9110
9238
9242
9246
57
61
65
193
197
201
333
337
469
473
477
605
609
613
741
745
749
881
885
1017
1021
1025
1153
1157
1161
1289
1293
1297
1429
1433
1437
1565
1569
1573
1701
1705
1709
1837
1841
1845
1849
1977
1981
1985
2113
2117
2121
2249
2253
2257
2385
2389
2393
2397
2525
2529
2533
2661
2665
2669
2797
2801
2805
2933
2937
2941
2945
3073
3077
3081
3209
3213
3217
3345
3349
3353
3481
3485
3489
3493
3621
3625
3629
3757
3761
3765
3893
3897
3901
4029
4033
4037
4041
4169
4173
4177
4305
4309
4313
4441
4445
4449
4577
4581
4585
4589
4717
4721
4725
4853
4857
4861
4989
4993
4997
5125
5129
5133
5137
5265
5269
5273
5401
5405
5409
5537
5541
5545
5673
5677
5681
5685
5813
5817
5821
5949
5953
5957
6085
6089
6093
6221
6225
6229
6233
6361
6365
6369
6497
6501
6505
6633
6637
6641
6769
6773
6777
6781
6909
6913
6917
7045
7049
7053
7181
7185
7189
7317
7321
7325
7329
7457
7461
7465
7593
7597
7601
7729
7733
7737
7865
7869
7873
7877
8005
8009
8013
8141
8145
8149
8277
8281
8285
8413
8417
8421
8425
8553
8557
8561
8689
8693
8697
8825
8829
8833
8961
8965
8969
8973
9101
9105
9109
9237
9241
9245
59
63
195
199
203
331
335
339
467
471
475
607
611
743
747
751
879
883
887
1015
1019
1023
1155
1159
1163
1291
1295
1299
1427
1431
1435
1563
1567
1571
1703
1707
1711
1839
1843
1847
1975
1979
1983
2111
2115
2119
2123
2251
2255
2259
2387
2391
2395
2523
2527
2531
2659
2663
2667
2671
2799
2803
2807
2935
2939
2943
3071
3075
3079
3207
3211
3215
3219
3347
3351
3355
3483
3487
3491
3619
3623
3627
3755
3759
3763
3767
3895
3899
3903
4031
4035
4039
4167
4171
4175
4303
4307
4311
4315
4443
4447
4451
4579
4583
4587
4715
4719
4723
4851
4855
4859
4863
4991
4995
4999
5127
5131
5135
5263
5267
5271
5399
5403
5407
5411
5539
5543
5547
5675
5679
5683
5811
5815
5819
5947
5951
5955
5959
6087
6091
6095
6223
6227
6231
6359
6363
6367
6495
6499
6503
6507
6635
6639
6643
6771
6775
6779
6907
6911
6915
7043
7047
7051
7055
7183
7187
7191
7319
7323
7327
7455
7459
7463
7591
7595
7599
7603
7731
7735
7739
7867
7871
7875
8003
8007
8011
8139
8143
8147
8151
8279
8283
8287
8415
8419
8423
8551
8555
8559
8687
8691
8695
8699
8827
8831
8835
8963
8967
8971
9099
9103
9107
9235
9239
9243
9247
56
60
64
196
200
332
336
340
468
472
476
604
608
612
744
748
880
884
888
1016
1020
1024
1152
1156
1160
1292
1296
1300
1428
1432
1436
1564
1568
1572
1700
1704
1708
1712
1840
1844
1848
1976
1980
1984
2112
2116
2120
2124
2248
2252
2256
2260
2388
2392
2396
2524
2528
2532
2660
2664
2668
2672
2796
2800
2804
2808
2936
2940
2944
3072
3076
3080
3208
3212
3216
3220
3344
3348
3352
3356
3484
3488
3492
3620
3624
3628
3756
3760
3764
3768
3892
3896
3900
3904
4032
4036
4040
4168
4172
4176
4304
4308
4312
4316
4440
4444
4448
4452
4580
4584
4588
4716
4720
4724
4852
4856
4860
4864
4988
4992
4996
5000
5128
5132
5136
5264
5268
5272
5400
5404
5408
5412
5536
5540
5544
5548
5676
5680
5684
5812
5816
5820
5948
5952
5956
5960
6084
6088
6092
6096
6224
6228
6232
6360
6364
6368
6496
6500
6504
6508
6632
6636
6640
6644
6772
6776
6780
6908
6912
6916
7044
7048
7052
7056
7180
7184
7188
7192
7320
7324
7328
7456
7460
7464
7592
7596
7600
7604
7728
7732
7736
7740
7868
7872
7876
8004
8008
8012
8140
8144
8148
8152
8276
8280
8284
8288
8416
8420
8424
8552
8556
8560
8688
8692
8696
8700
8824
8828
8832
8836
8964
8968
8972
9100
9104
9108
9236
9240
9244
9248
2261
2809
3357
3905
4453
5001
5549
6097
6645
7193
7741
8289
8837
2398
2946
3494
4042
4590
5138
5686
6234
6782
7330
7878
8426
8974
16862
33246
49630
66014
17274
50042
17410
33794
50178
66562
17822
34206
50590
66974
16725
33109
49493
65877
17137
49905
17273
33657
50041
66425
17685
34069
50453
66837
16451
32835
49219
65603
16999
33383
49767
66151
17411
50179
66563
17959
34343
50727
67111
16588
32972
49356
65740
17000
49768
17136
33520
49904
66288
17548
33932
50316
66700
17960
50728
18097
50865
18234
51002
1987
2535
3083
3631
4179
4727
5275
5823
6371
6919
7467
8015
8563
9111
17823
50591
147798
278870
409942
541014
164182
295254
426326
557398
180566
311638
442710
573782
196950
328022
459094
590166
164730
295802
426874
557946
197498
328570
459642
590714
147661
278733
409805
540877
164045
426189
180429
311501
442573
573645
196813
327885
458957
590029
164593
295665
426737
557809
197361
328433
459505
590577
147935
279007
410079
541151
164319
295391
426463
557535
180703
311775
442847
573919
197087
328159
459231
590303
164867
295939
427011
558083
147524
278596
409668
540740
163908
294980
426052
180292
311364
442436
573508
196676
458820
164456
295528
426600
557672
197224
328296
459368
590440
165416
427560
148621
279693
410765
541837
181389
312461
443533
574605
148210
410354
180978
443122
148758
279830
410902
541974
181526
312598
443670
574742
148347
410491
181115
443259
574331
148484
279556
410628
541700
181252
312324
443396
574468
165279
427423
198047
460191
1343693
2392269
3440845
4489421
1605837
2654413
3702989
4751565
1605700
2654276
3702852
4751428
1376324
2424900
3473476
4522052
1638468
2687044
3735620
4784196
1196101
2244677
3293253
4341829
1327173
2375749
3424325
4472901
1458245
2506821
3555397
4603973
1589317
2637893
3686469
4735045
1228869
2277445
3326021
4374597
1359941
2408517
3457093
4505669
1491013
2539589
3588165
4636741
1622085
2670661
3719237
4767813
1196649
2245225
3293801
4342377
1327721
2376297
3424873
4473449
1458793
2507369
3555945
4604521
1589865
2638441
3687017
4735593
1229417
2277993
3326569
4375145
1360489
2409065
3457641
4506217
1491561
2540137
3588713
4637289
1622633
2671209
3719785
4768361
1196238
2244814
3293390
4341966
1327310
2375886
3424462
4473038
1458382
2506958
3555534
4604110
1589454
2638030
3686606
4735182
1229006
2277582
3326158
4374734
1360078
2408654
3457230
4505806
1491150
2539726
3588302
4636878
1622222
2670798
3719374
4767950
1327858
2376434
3425010
4473586
1590002
2638578
3687154
4735730
1360626
2409202
3457778
4506354
1622770
2671346
3719922
4768498
1196375
2244951
3293527
4342103
1327447
2376023
3424599
4473175
1458519
2507095
3555671
4604247
1589591
2638167
3686743
4735319
1229143
2277719
3326295
4374871
1360215
2408791
3457367
4505943
1491287
2539863
3588439
4637015
1622359
2670935
3719511
4768087
1327995
2376571
3425147
4473723
1590139
2638715
3687291
4735867
1360763
2409339
3457915
4506491
1196512
2245088
3293664
4342240
1327584
2376160
3424736
4473312
1458656
2507232
3555808
4604384
1589728
2638304
3686880
4735456
1229280
2277856
3326432
4375008
1360352
2408928
3457504
4506080
1491424
2540000
3588576
4637152
1622496
2671072
3719648
4768224
1212759
2261335
3309911
4358487
1474903
2523479
3572055
4620631
1245527
2294103
3342679
4391255
1507671
2556247
3604823
4653399
1213307
2261883
3310459
4359035
1475451
2524027
3572603
4621179
1246075
2294651
3343227
4391803
1508219
2556795
3605371
4653947
1212896
2261472
3310048
4358624
1475040
2523616
3572192
4620768
1245664
2294240
3342816
4391392
1507808
2556384
3604960
4653536
1213444
2262020
3310596
4359172
1475588
2524164
3572740
4621316
1246212
2294788
3343364
4391940
1508356
2556932
3605508
4654084
71
75
79
83
207
211
215
219
347
351
355
483
487
491
495
619
623
627
631
755
759
763
767
895
899
903
1031
1035
1039
1043
1167
1171
1175
1179
1307
1311
1315
1443
1447
1451
1579
1583
1587
1591
1719
1723
1727
1855
1859
1863
1991
1995
1999
2131
2135
2139
2267
2271
2275
2399
2403
2407
2411
2543
2547
2675
2679
2683
2687
2811
2815
2819
2823
2947
2951
2955
2959
3087
3091
3095
3223
3227
3231
3235
3359
3363
3367
3371
3495
3499
3503
3507
3635
3639
3643
3771
3775
3779
3783
3907
3911
3915
3919
4043
4047
4051
4055
4183
4187
4191
4319
4323
4327
4331
4455
4459
4463
4467
4591
4595
4599
4603
4731
4735
4739
4867
4871
4875
4879
5003
5007
5011
5015
5139
5143
5147
5151
5279
5283
5287
5415
5419
5423
5427
5551
5555
5559
5563
5687
5691
5695
5699
5827
5831
5835
5963
5967
5971
5975
6099
6103
6107
6111
6235
6239
6243
6247
6375
6379
6383
6511
6515
6519
6523
6647
6651
6655
6659
6783
6787
6791
6795
6923
6927
6931
7059
7063
7067
7071
7195
7199
7203
7207
7331
7335
7339
7343
7471
7475
7479
7607
7611
7615
7619
7743
7747
7751
7755
7879
7883
7887
7891
8019
8023
8027
8155
8159
8163
8167
8291
8295
8299
8303
8427
8431
8435
8439
8567
8571
8575
8703
8707
8711
8715
8839
8843
8847
8851
8975
8979
8983
8987
9115
9119
9123
9251
9255
9259
9263
73
77
81
209
213
217
221
345
349
353
357
481
485
489
493
621
625
629
757
761
765
769
893
897
901
905
1033
1037
1041
1169
1173
1177
1305
1309
1313
1317
1441
1445
1449
1453
1581
1585
1589
1717
1721
1725
1853
1857
1861
1865
1993
1997
2001
2129
2133
2137
2269
2273
2405
2409
2413
2537
2541
2545
2549
2673
2677
2681
2685
2813
2817
2821
2949
2953
2957
2961
3085
3089
3093
3097
3221
3225
3229
3233
3361
3365
3369
3497
3501
3505
3509
3633
3637
3641
3645
3769
3773
3777
3781
3909
3913
3917
4045
4049
4053
4057
4181
4185
4189
4193
4317
4321
4325
4329
4457
4461
4465
4593
4597
4601
4605
4729
4733
4737
4741
4865
4869
4873
4877
5005
5009
5013
5141
5145
5149
5153
5277
5281
5285
5289
5413
5417
5421
5425
5553
5557
5561
5689
5693
5697
5701
5825
5829
5833
5837
5961
5965
5969
5973
6101
6105
6109
6237
6241
6245
6249
6373
6377
6381
6385
6509
6513
6517
6521
6649
6653
6657
6785
6789
6793
6797
6921
6925
6929
6933
7057
7061
7065
7069
7197
7201
7205
7333
7337
7341
7345
7469
7473
7477
7481
7605
7609
7613
7617
7745
7749
7753
7881
7885
7889
7893
8017
8021
8025
8029
8153
8157
8161
8165
8293
8297
8301
8429
8433
8437
8441
8565
8569
8573
8577
8701
8705
8709
8713
8841
8845
8849
8977
8981
8985
8989
9113
9117
9121
9125
9249
9253
9257
9261
70
74
78
82
210
214
218
346
350
354
358
482
486
490
494
618
622
626
630
758
762
766
894
898
902
906
1030
1034
1038
1042
1170
1174
1178
1306
1310
1314
1442
1446
1450
1454
1582
1586
1590
1718
1722
1726
1854
1858
1862
1994
1998
2002
2130
2134
2138
2262
2266
2270
2274
2406
2410
2538
2542
2546
2550
2674
2678
2682
2686
2810
2814
2818
2822
2950
2954
2958
3086
3090
3094
3098
3222
3226
3230
3234
3358
3362
3366
3370
3498
3502
3506
3634
3638
3642
3646
3770
3774
3778
3782
3906
3910
3914
3918
4046
4050
4054
4182
4186
4190
4194
4318
4322
4326
4330
4454
4458
4462
4466
4594
4598
4602
4730
4734
4738
4742
4866
4870
4874
4878
5002
5006
5010
5014
5142
5146
5150
5278
5282
5286
5290
5414
5418
5422
5426
5550
5554
5558
5562
5690
5694
5698
5826
5830
5834
5838
5962
5966
5970
5974
6098
6102
6106
6110
6238
6242
6246
6374
6378
6382
6386
6510
6514
6518
6522
6646
6650
6654
6658
6786
6790
6794
6922
6926
6930
6934
7058
7062
7066
7070
7194
7198
7202
7206
7334
7338
7342
7470
7474
7478
7482
7606
7610
7614
7618
7742
7746
7750
7754
7882
7886
7890
8018
8022
8026
8030
8154
8158
8162
8166
8290
8294
8298
8302
8430
8434
8438
8566
8570
8574
8578
8702
8706
8710
8714
8838
8842
8846
8850
8978
8982
8986
9114
9118
9122
9126
9250
9254
9258
9262
72
76
80
84
208
212
216
220
344
348
352
356
484
488
492
620
624
628
632
756
760
764
768
892
896
900
904
1032
1036
1040
1168
1172
1176
1180
1304
1308
1312
1316
1444
1448
1452
1580
1584
1588
1716
1720
1724
1728
1856
1860
1864
1992
1996
2000
2128
2132
2136
2268
2272
2276
2404
2408
2412
2536
2540
2544
2548
2676
2680
2684
2812
2816
2820
2824
2948
2952
2956
2960
3084
3088
3092
3096
3224
3228
3232
3360
3364
3368
3372
3496
3500
3504
3508
3632
3636
3640
3644
3772
3776
3780
3908
3912
3916
3920
4044
4048
4052
4056
4180
4184
4188
4192
4320
4324
4328
4456
4460
4464
4468
4592
4596
4600
4604
4728
4732
4736
4740
4868
4872
4876
5004
5008
5012
5016
5140
5144
5148
5152
5276
5280
5284
5288
5416
5420
5424
5552
5556
5560
5564
5688
5692
5696
5700
5824
5828
5832
5836
5964
5968
5972
6100
6104
6108
6112
6236
6240
6244
6248
6372
6376
6380
6384
6512
6516
6520
6648
6652
6656
6660
6784
6788
6792
6796
6920
6924
6928
6932
7060
7064
7068
7196
7200
7204
7208
7332
7336
7340
7344
7468
7472
7476
7480
7608
7612
7616
7744
7748
7752
7756
7880
7884
7888
7892
8016
8020
8024
8028
8156
8160
8164
8292
8296
8300
8304
8428
8432
8436
8440
8564
8568
8572
8576
8704
8708
8712
8840
8844
8848
8852
8976
8980
8984
8988
9112
9116
9120
9124
9252
9256
9260
34071
34483
18235
51003
18647
35031
51415
67799
18923
35307
51691
68075
33797
66565
18509
34893
51277
67661
35033
18785
35169
51553
67937
33934
66702
34346
67114
34758
67526
18510
51278
18786
35170
51554
67938
18372
34756
51140
67524
51416
18784
35168
51552
67936
67112
34481
67249
34618
67386
328983
591127
198323
329395
591539
165691
296763
427835
558907
198459
329531
460603
591675
165967
297039
559183
182351
444495
329807
279557
541701
312325
574469
149033
280105
411177
542249
181801
312873
443945
575017
460329
149445
280517
411589
542661
182213
313285
444357
575429
198597
460741
149721
280793
542937
444633
575705
279694
541838
149034
280106
542250
312874
575018
149170
280242
411314
542386
165554
427698
181938
313010
444082
575154
198322
329394
460466
591538
280518
542662
313286
165966
297038
428110
559182
198734
329806
460878
591950
411040
296352
558496
181664
443808
411452
296764
558908
182076
444220
575292
149720
280792
411864
542936
428248
198872
329944
461016
592088
295255
557399
328023
590167
296351
558495
329119
591263
295392
557536
328160
590304
294981
557125
327749
589893
295529
557673
328297
590441
427149
197773
459917
295118
557262
327886
590030
295666
557810
165142
427286
558358
197910
328982
460054
591126
296488
558632
1197335
2245911
3294487
4343063
1328407
2376983
3425559
4474135
1459479
2508055
3556631
4605207
1590551
2639127
3687703
4736279
1230103
2278679
3327255
4375831
1361175
2409751
3458327
4506903
1492247
2540823
3589399
4637975
1623319
2671895
3720471
4769047
1246487
2295063
3343639
4392215
1508631
2557207
3605783
4654359
1197747
2246323
3294899
4343475
1328819
2377395
3425971
4474547
1459891
2508467
3557043
4605619
1590963
2639539
3688115
4736691
1230515
2279091
3327667
4376243
1361587
2410163
3458739
4507315
1492659
2541235
3589811
4638387
1623731
2672307
3720883
4769459
1509043
2557619
3606195
4654771
1198159
2246735
3295311
4343887
1329231
2377807
3426383
4474959
1460303
2508879
3557455
4606031
1591375
2639951
3688527
4737103
1476687
2525263
3573839
4622415
1361999
2410575
3459151
4507727
1624143
2672719
3721295
4769871
1247311
2295887
3344463
4393039
1509455
2558031
3606607
4655183
1640527
2689103
3737679
4786255
1197061
2245637
3294213
4342789
1459205
2507781
3556357
4604933
1229829
2278405
3326981
4375557
1491973
2540549
3589125
4637701
1213993
2262569
3311145
4359721
1345065
2393641
3442217
4490793
1476137
2524713
3573289
4621865
1607209
2655785
3704361
4752937
1246761
2295337
3343913
4392489
1377833
2426409
3474985
4523561
1639977
2688553
3737129
4785705
1214405
2262981
3311557
4360133
1345477
2394053
3442629
4491205
1476549
2525125
3573701
4622277
1607621
2656197
3704773
4753349
1378245
2426821
3475397
4523973
1640389
2688965
3737541
4786117
1460441
2509017
3557593
4606169
1231065
2279641
3328217
4376793
1362137
2410713
3459289
4507865
1197198
2245774
3294350
4342926
1459342
2507918
3556494
4605070
1229966
2278542
3327118
4375694
1361038
2409614
3458190
4506766
1492110
2540686
3589262
4637838
1623182
2671758
3720334
4768910
1459754
2508330
3556906
4605482
1230378
2278954
3327530
4376106
1492522
2541098
3589674
4638250
1345202
2393778
3442354
4490930
1607346
2655922
3704498
4753074
1198022
2246598
3295174
4343750
1460166
2508742
3557318
4605894
1230790
2279366
3327942
4376518
1492934
2541510
3590086
4638662
1624006
2672582
3721158
4769734
1197472
2246048
3294624
4343200
1328544
2377120
3425696
4474272
1590688
2639264
3687840
4736416
1213856
2262432
3311008
4359584
1476000
2524576
3573152
4621728
1361312
2409888
3458464
4507040
1623456
2672032
3720608
4769184
1246624
2295200
3343776
4392352
1377696
2426272
3474848
4523424
1508768
2557344
3605920
4654496
1639840
2688416
3736992
4785568
1197884
2246460
3295036
4343612
1328956
2377532
3426108
4474684
1591100
2639676
3688252
4736828
1214268
2262844
3311420
4359996
1476412
2524988
3573564
4622140
1361724
2410300
3458876
4507452
1247036
2295612
3344188
4392764
1378108
2426684
3475260
4523836
1509180
2557756
3606332
4654908
1640252
2688828
3737404
4785980
1214680
2263256
3311832
4360408
1345752
2394328
3442904
4491480
1607896
2656472
3705048
4753624
1344379
2392955
3441531
4490107
1606523
2655099
3703675
4752251
1377147
2425723
3474299
4522875
1639291
2687867
3736443
4785019
1344516
2393092
3441668
4490244
1606660
2655236
3703812
4752388
1377284
2425860
3474436
4523012
1639428
2688004
3736580
4785156
1212485
2261061
3309637
4358213
1474629
2523205
3571781
4620357
1245253
2293829
3342405
4390981
1507397
2555973
3604549
4653125
1213033
2261609
3310185
4358761
1475177
2523753
3572329
4620905
1245801
2294377
3342953
4391529
1507945
2556521
3605097
4653673
1213581
2262157
3310733
4359309
1344653
2393229
3441805
4490381
1606797
2655373
3703949
4752525
1377421
2425997
3474573
4523149
1639565
2688141
3736717
4785293
1212622
2261198
3309774
4358350
1474766
2523342
3571918
4620494
1245390
2293966
3342542
4391118
1507534
2556110
3604686
4653262
1213170
2261746
3310322
4358898
1475314
2523890
3572466
4621042
1245938
2294514
3343090
4391666
1377010
2425586
3474162
4522738
1508082
2556658
3605234
4653810
1639154
2687730
3736306
4784882
1344790
2393366
3441942
4490518
67801
104
108
112
116
120
124
128
132
136
244
248
252
256
260
264
268
272
380
384
388
392
396
400
404
408
516
520
524
528
532
536
540
544
548
652
656
660
664
668
672
676
680
684
792
796
800
804
808
812
816
820
928
932
936
940
944
948
952
956
1064
1068
1072
1076
1080
1084
1088
1092
1096
1200
1204
1208
1212
1216
1220
1224
1228
1232
1340
1344
1348
1352
1356
1360
1364
1368
1476
1480
1484
1488
1492
1496
1500
1504
1612
1616
1620
1624
1628
1632
1636
1640
1644
1748
1752
1756
1760
1764
1768
1772
1776
1780
1888
1892
1896
1900
1904
1908
1912
1916
2024
2028
2032
2036
2040
2044
2048
2052
2160
2164
2168
2172
2176
2180
2184
2188
2192
2296
2300
2304
2308
2312
2316
2320
2324
2328
2436
2440
2444
2448
2452
2456
2460
2464
2572
2576
2580
2584
2588
2592
2596
2600
2708
2712
2716
2720
2724
2728
2732
2736
2740
2844
2848
2852
2856
2860
2864
2868
2872
2876
2984
2988
2992
2996
3000
3004
3008
3012
3120
3124
3128
3132
3136
3140
3144
3148
3256
3260
3264
3268
3272
3276
3280
3284
3288
3392
3396
3400
3404
3408
3412
3416
3420
3424
3532
3536
3540
3544
3548
3552
3556
3560
3668
3672
3676
3680
3684
3688
3692
3696
3804
3808
3812
3816
3820
3824
3828
3832
3836
3940
3944
3948
3952
3956
3960
3964
3968
3972
4080
4084
4088
4092
4096
4100
4104
4108
4216
4220
4224
4228
4232
4236
4240
4244
4352
4356
4360
4364
4368
4372
4376
4380
4384
4488
4492
4496
4500
4504
4508
4512
4516
4520
4628
4632
4636
4640
4644
4648
4652
4656
4764
4768
4772
4776
4780
4784
4788
4792
4900
4904
4908
4912
4916
4920
4924
4928
4932
5036
5040
5044
5048
5052
5056
5060
5064
5068
5176
5180
5184
5188
5192
5196
5200
5204
5312
5316
5320
5324
5328
5332
5336
5340
5448
5452
5456
5460
5464
5468
5472
5476
5480
5584
5588
5592
5596
5600
5604
5608
5612
5616
5724
5728
5732
5736
5740
5744
5748
5752
5860
5864
5868
5872
5876
5880
5884
5888
5996
6000
6004
6008
6012
6016
6020
6024
6028
6132
6136
6140
6144
6148
6152
6156
6160
6164
6272
6276
6280
6284
6288
6292
6296
6300
6408
6412
6416
6420
6424
6428
6432
6436
6544
6548
6552
6556
6560
6564
6568
6572
6576
6680
6684
6688
6692
6696
6700
6704
6708
6712
6820
6824
6828
6832
6836
6840
6844
6848
6956
6960
6964
6968
6972
6976
6980
6984
7092
7096
7100
7104
7108
7112
7116
7120
7124
7228
7232
7236
7240
7244
7248
7252
7256
7260
7368
7372
7376
7380
7384
7388
7392
7396
7504
7508
7512
7516
7520
7524
7528
7532
7640
7644
7648
7652
7656
7660
7664
7668
7672
7776
7780
7784
7788
7792
7796
7800
7804
7808
7916
7920
7924
7928
7932
7936
7940
7944
8052
8056
8060
8064
8068
8072
8076
8080
8188
8192
8196
8200
8204
8208
8212
8216
8220
8324
8328
8332
8336
8340
8344
8348
8352
8356
8464
8468
8472
8476
8480
8484
8488
8492
8600
8604
8608
8612
8616
8620
8624
8628
8736
8740
8744
8748
8752
8756
8760
8764
8768
8872
8876
8880
8884
8888
8892
8896
8900
8904
9012
9016
9020
9024
9028
9032
9036
9040
9148
9152
9156
9160
9164
9168
9172
9176
9284
9288
9292
9296
9300
9304
9308
9312
9316
105
109
113
117
121
125
129
133
137
241
245
249
253
257
261
265
269
273
381
385
389
393
397
401
405
409
517
521
525
529
533
537
541
545
653
657
661
665
669
673
677
681
685
789
793
797
801
805
809
813
817
821
929
933
937
941
945
949
953
957
1065
1069
1073
1077
1081
1085
1089
1093
1201
1205
1209
1213
1217
1221
1225
1229
1233
1337
1341
1345
1349
1353
1357
1361
1365
1369
1477
1481
1485
1489
1493
1497
1501
1505
1613
1617
1621
1625
1629
1633
1637
1641
1749
1753
1757
1761
1765
1769
1773
1777
1781
1885
1889
1893
1897
1901
1905
1909
1913
1917
2025
2029
2033
2037
2041
2045
2049
2053
2161
2165
2169
2173
2177
2181
2185
2189
2297
2301
2305
2309
2313
2317
2321
2325
2329
2433
2437
2441
2445
2449
2453
2457
2461
2465
2573
2577
2581
2585
2589
2593
2597
2601
2709
2713
2717
2721
2725
2729
2733
2737
2845
2849
2853
2857
2861
2865
2869
2873
2877
2981
2985
2989
2993
2997
3001
3005
3009
3013
3121
3125
3129
3133
3137
3141
3145
3149
3257
3261
3265
3269
3273
3277
3281
3285
3393
3397
3401
3405
3409
3413
3417
3421
3425
3529
3533
3537
3541
3545
3549
3553
3557
3561
3669
3673
3677
3681
3685
3689
3693
3697
3805
3809
3813
3817
3821
3825
3829
3833
3941
3945
3949
3953
3957
3961
3965
3969
3973
4077
4081
4085
4089
4093
4097
4101
4105
4109
4217
4221
4225
4229
4233
4237
4241
4245
4353
4357
4361
4365
4369
4373
4377
4381
4489
4493
4497
4501
4505
4509
4513
4517
4521
4625
4629
4633
4637
4641
4645
4649
4653
4657
4765
4769
4773
4777
4781
4785
4789
4793
4901
4905
4909
4913
4917
4921
4925
4929
5037
5041
5045
5049
5053
5057
5061
5065
5069
5173
5177
5181
5185
5189
5193
5197
5201
5205
5313
5317
5321
5325
5329
5333
5337
5341
5449
5453
5457
5461
5465
5469
5473
5477
5585
5589
5593
5597
5601
5605
5609
5613
5617
5721
5725
5729
5733
5737
5741
5745
5749
5753
5861
5865
5869
5873
5877
5881
5885
5889
5997
6001
6005
6009
6013
6017
6021
6025
6133
6137
6141
6145
6149
6153
6157
6161
6165
6269
6273
6277
6281
6285
6289
6293
6297
6301
6409
6413
6417
6421
6425
6429
6433
6437
6545
6549
6553
6557
6561
6565
6569
6573
6681
6685
6689
6693
6697
6701
6705
6709
6713
6817
6821
6825
6829
6833
6837
6841
6845
6849
6957
6961
6965
6969
6973
6977
6981
6985
7093
7097
7101
7105
7109
7113
7117
7121
7229
7233
7237
7241
7245
7249
7253
7257
7261
7365
7369
7373
7377
7381
7385
7389
7393
7397
7505
7509
7513
7517
7521
7525
7529
7533
7641
7645
7649
7653
7657
7661
7665
7669
7777
7781
7785
7789
7793
7797
7801
7805
7809
7913
7917
7921
7925
7929
7933
7937
7941
7945
8053
8057
8061
8065
8069
8073
8077
8081
8189
8193
8197
8201
8205
8209
8213
8217
8325
8329
8333
8337
8341
8345
8349
8353
8357
8461
8465
8469
8473
8477
8481
8485
8489
8493
8601
8605
8609
8613
8617
8621
8625
8629
8737
8741
8745
8749
8753
8757
8761
8765
8873
8877
8881
8885
8889
8893
8897
8901
8905
9009
9013
9017
9021
9025
9029
9033
9037
9041
9149
9153
9157
9161
9165
9169
9173
9177
9285
9289
9293
9297
9301
9305
9309
9313
106
110
114
118
122
126
130
134
242
246
250
254
258
262
266
270
274
378
382
386
390
394
398
402
406
410
518
522
526
530
534
538
542
546
654
658
662
666
670
674
678
682
790
794
798
802
806
810
814
818
822
926
930
934
938
942
946
950
954
958
1066
1070
1074
1078
1082
1086
1090
1094
1202
1206
1210
1214
1218
1222
1226
1230
1338
1342
1346
1350
1354
1358
1362
1366
1370
1474
1478
1482
1486
1490
1494
1498
1502
1506
1614
1618
1622
1626
1630
1634
1638
1642
1750
1754
1758
1762
1766
1770
1774
1778
1886
1890
1894
1898
1902
1906
1910
1914
1918
2022
2026
2030
2034
2038
2042
2046
2050
2054
2162
2166
2170
2174
2178
2182
2186
2190
2298
2302
2306
2310
2314
2318
2322
2326
2434
2438
2442
2446
2450
2454
2458
2462
2466
2570
2574
2578
2582
2586
2590
2594
2598
2602
2710
2714
2718
2722
2726
2730
2734
2738
2846
2850
2854
2858
2862
2866
2870
2874
2982
2986
2990
2994
2998
3002
3006
3010
3014
3118
3122
3126
3130
3134
3138
3142
3146
3150
3258
3262
3266
3270
3274
3278
3282
3286
3394
3398
3402
3406
3410
3414
3418
3422
3530
3534
3538
3542
3546
3550
3554
3558
3562
3666
3670
3674
3678
3682
3686
3690
3694
3698
3806
3810
3814
3818
3822
3826
3830
3834
3942
3946
3950
3954
3958
3962
3966
3970
4078
4082
4086
4090
4094
4098
4102
4106
4110
4214
4218
4222
4226
4230
4234
4238
4242
4246
4354
4358
4362
4366
4370
4374
4378
4382
4490
4494
4498
4502
4506
4510
4514
4518
4626
4630
4634
4638
4642
4646
4650
4654
4658
4762
4766
4770
4774
4778
4782
4786
4790
4794
4902
4906
4910
4914
4918
4922
4926
4930
5038
5042
5046
5050
5054
5058
5062
5066
5174
5178
5182
5186
5190
5194
5198
5202
5206
5310
5314
5318
5322
5326
5330
5334
5338
5342
5450
5454
5458
5462
5466
5470
5474
5478
5586
5590
5594
5598
5602
5606
5610
5614
5722
5726
5730
5734
5738
5742
5746
5750
5754
5858
5862
5866
5870
5874
5878
5882
5886
5890
5998
6002
6006
6010
6014
6018
6022
6026
6134
6138
6142
6146
6150
6154
6158
6162
6270
6274
6278
6282
6286
6290
6294
6298
6302
6406
6410
6414
6418
6422
6426
6430
6434
6438
6546
6550
6554
6558
6562
6566
6570
6574
6682
6686
6690
6694
6698
6702
6706
6710
6818
6822
6826
6830
6834
6838
6842
6846
6850
6954
6958
6962
6966
6970
6974
6978
6982
6986
7094
7098
7102
7106
7110
7114
7118
7122
7230
7234
7238
7242
7246
7250
7254
7258
7366
7370
7374
7378
7382
7386
7390
7394
7398
7502
7506
7510
7514
7518
7522
7526
7530
7534
7642
7646
7650
7654
7658
7662
7666
7670
7778
7782
7786
7790
7794
7798
7802
7806
7914
7918
7922
7926
7930
7934
7938
7942
7946
8050
8054
8058
8062
8066
8070
8074
8078
8082
8190
8194
8198
8202
8206
8210
8214
8218
8326
8330
8334
8338
8342
8346
8350
8354
8462
8466
8470
8474
8478
8482
8486
8490
8494
8598
8602
8606
8610
8614
8618
8622
8626
8630
8738
8742
8746
8750
8754
8758
8762
8766
8874
8878
8882
8886
8890
8894
8898
8902
9010
9014
9018
9022
9026
9030
9034
9038
9042
9146
9150
9154
9158
9162
9166
9170
9174
9178
9286
9290
9294
9298
9302
9306
9310
9314
103
107
111
115
119
123
127
131
135
243
247
251
255
259
263
267
271
379
383
387
391
395
399
403
407
411
515
519
523
527
531
535
539
543
547
651
655
659
663
667
671
675
679
683
791
795
799
803
807
811
815
819
927
931
935
939
943
947
951
955
959
1063
1067
1071
1075
1079
1083
1087
1091
1095
1199
1203
1207
1211
1215
1219
1223
1227
1231
1339
1343
1347
1351
1355
1359
1363
1367
1475
1479
1483
1487
1491
1495
1499
1503
1507
1611
1615
1619
1623
1627
1631
1635
1639
1643
1747
1751
1755
1759
1763
1767
1771
1775
1779
1887
1891
1895
1899
1903
1907
1911
1915
2023
2027
2031
2035
2039
2043
2047
2051
2055
2159
2163
2167
2171
2175
2179
2183
2187
2191
2295
2299
2303
2307
2311
2315
2319
2323
2327
2435
2439
2443
2447
2451
2455
2459
2463
2571
2575
2579
2583
2587
2591
2595
2599
2603
2707
2711
2715
2719
2723
2727
2731
2735
2739
2843
2847
2851
2855
2859
2863
2867
2871
2875
2983
2987
2991
2995
2999
3003
3007
3011
3119
3123
3127
3131
3135
3139
3143
3147
3151
3255
3259
3263
3267
3271
3275
3279
3283
3287
3391
3395
3399
3403
3407
3411
3415
3419
3423
3531
3535
3539
3543
3547
3551
3555
3559
3667
3671
3675
3679
3683
3687
3691
3695
3699
3803
3807
3811
3815
3819
3823
3827
3831
3835
3939
3943
3947
3951
3955
3959
3963
3967
3971
4079
4083
4087
4091
4095
4099
4103
4107
4215
4219
4223
4227
4231
4235
4239
4243
4247
4351
4355
4359
4363
4367
4371
4375
4379
4383
4487
4491
4495
4499
4503
4507
4511
4515
4519
4627
4631
4635
4639
4643
4647
4651
4655
4763
4767
4771
4775
4779
4783
4787
4791
4795
4899
4903
4907
4911
4915
4919
4923
4927
4931
5035
5039
5043
5047
5051
5055
5059
5063
5067
5175
5179
5183
5187
5191
5195
5199
5203
5311
5315
5319
5323
5327
5331
5335
5339
5343
5447
5451
5455
5459
5463
5467
5471
5475
5479
5583
5587
5591
5595
5599
5603
5607
5611
5615
5723
5727
5731
5735
5739
5743
5747
5751
5859
5863
5867
5871
5875
5879
5883
5887
5891
5995
5999
6003
6007
6011
6015
6019
6023
6027
6131
6135
6139
6143
6147
6151
6155
6159
6163
6271
6275
6279
6283
6287
6291
6295
6299
6407
6411
6415
6419
6423
6427
6431
6435
6439
6543
6547
6551
6555
6559
6563
6567
6571
6575
6679
6683
6687
6691
6695
6699
6703
6707
6711
6819
6823
6827
6831
6835
6839
6843
6847
6955
6959
6963
6967
6971
6975
6979
6983
6987
7091
7095
7099
7103
7107
7111
7115
7119
7123
7227
7231
7235
7239
7243
7247
7251
7255
7259
7367
7371
7375
7379
7383
7387
7391
7395
7503
7507
7511
7515
7519
7523
7527
7531
7535
7639
7643
7647
7651
7655
7659
7663
7667
7671
7775
7779
7783
7787
7791
7795
7799
7803
7807
7915
7919
7923
7927
7931
7935
7939
7943
8051
8055
8059
8063
8067
8071
8075
8079
8083
8187
8191
8195
8199
8203
8207
8211
8215
8219
8323
8327
8331
8335
8339
8343
8347
8351
8355
8463
8467
8471
8475
8479
8483
8487
8491
8599
8603
8607
8611
8615
8619
8623
8627
8631
8735
8739
8743
8747
8751
8755
8759
8763
8767
8871
8875
8879
8883
8887
8891
8895
8899
8903
9011
9015
9019
9023
9027
9031
9035
9039
9147
9151
9155
9159
9163
9167
9171
9175
9179
9283
9287
9291
9295
9299
9303
9307
9311
9315
99
235
239
371
375
507
511
647
783
787
919
923
1055
1059
1195
1331
1335
1467
1471
1603
1607
1743
1879
1883
2015
2019
2151
2155
2291
2427
2431
2563
2567
2699
2703
2839
2975
2979
3111
3115
3247
3251
3387
3523
3527
3659
3663
3795
3799
3935
4071
4075
4207
4211
4343
4347
4483
4619
4623
4755
4759
4891
4895
5031
5167
5171
5303
5307
5439
5443
5579
5715
5719
5851
5855
5987
5991
6127
6263
6267
6399
6403
6535
6539
6675
6811
6815
6947
6951
7083
7087
7223
7359
7363
7495
7499
7631
7635
7771
7907
7911
8043
8047
8179
8183
8319
8455
8459
8591
8595
8727
8731
8867
9003
9007
9139
9143
9275
9279
97
101
233
237
373
377
509
513
645
649
781
785
921
925
1057
1061
1193
1197
1329
1333
1469
1473
1605
1609
1741
1745
1877
1881
2017
2021
2153
2157
2289
2293
2425
2429
2565
2569
2701
2705
2837
2841
2973
2977
3113
3117
3249
3253
3385
3389
3521
3525
3661
3665
3797
3801
3933
3937
4069
4073
4209
4213
4345
4349
4481
4485
4617
4621
4757
4761
4893
4897
5029
5033
5165
5169
5305
5309
5441
5445
5577
5581
5713
5717
5853
5857
5989
5993
6125
6129
6261
6265
6401
6405
6537
6541
6673
6677
6809
6813
6949
6953
7085
7089
7221
7225
7357
7361
7497
7501
7633
7637
7769
7773
7905
7909
8045
8049
8181
8185
8317
8321
8453
8457
8593
8597
8729
8733
8865
8869
9001
9005
9141
9145
9277
9281
98
102
234
238
370
374
510
514
646
650
782
786
918
922
1058
1062
1194
1198
1330
1334
1466
1470
1606
1610
1742
1746
1878
1882
2014
2018
2154
2158
2290
2294
2426
2430
2562
2566
2702
2706
2838
2842
2974
2978
3110
3114
3250
3254
3386
3390
3522
3526
3658
3662
3798
3802
3934
3938
4070
4074
4210
4346
4350
4482
4486
4618
4622
4758
4894
4898
5030
5034
5166
5170
5306
5442
5446
5578
5582
5714
5718
5854
5990
5994
6126
6130
6262
6266
6402
6538
6542
6674
6678
6810
6814
6950
7086
7090
7222
7226
7358
7362
7498
7634
7638
7770
7774
7906
7910
8046
8182
8186
8318
8322
8454
8458
8594
8730
8734
8866
8870
9002
9006
9142
9278
9282
100
236
240
372
376
508
512
648
784
788
920
924
1056
1060
1196
1332
1336
1468
1472
1604
1608
1744
1880
1884
2016
2020
2152
2156
2292
2428
2432
2564
2568
2700
2704
2840
2976
2980
3112
3116
3248
3252
3388
3524
3528
3660
3664
3796
3800
3936
4072
4076
4208
4212
4344
4348
4484
4620
4624
4756
4760
4892
4896
5032
5168
5172
5304
5308
5440
5444
5580
5716
5720
5852
5856
5988
5992
6128
6264
6268
6400
6404
6536
6540
6676
6812
6816
6948
6952
7084
7088
7224
7360
7364
7496
7500
7632
7636
7772
7908
7912
8044
8048
8180
8184
8320
8456
8460
8592
8596
8728
8732
8868
9004
9008
9140
9144
9276
9280
95
231
367
503
643
779
915
1051
1191
1327
1463
1599
1739
1875
2011
2147
2287
2423
2559
2695
2835
2971
3107
3243
3383
3519
3655
3791
3931
4067
4203
4339
4479
4615
4751
4887
5027
5163
5299
5435
5575
5711
5847
5983
6123
6259
6395
6531
6671
6807
6943
7079
7219
7355
7491
7627
7767
7903
8039
8175
8315
8451
8587
8723
8863
8999
9135
9271
93
229
369
505
641
777
917
1053
1189
1325
1465
1601
1737
1873
2013
2149
2285
2421
2561
2697
2833
2969
3109
3245
3381
3517
3657
3793
3929
4065
4205
4341
4477
4613
4753
4889
5025
5161
5301
5437
5573
5709
5849
5985
6121
6257
6397
6533
6669
6805
6945
7081
7217
7353
7493
7629
7765
7901
8041
8177
8313
8449
8589
8725
8861
8997
9137
9273
94
230
366
506
642
778
914
1054
1190
1326
1462
1602
1738
1874
2010
2150
2286
2422
2558
2698
2834
2970
3106
3246
3382
3518
3654
3794
3930
4066
4202
4206
4342
4478
4614
4750
4754
4890
5026
5162
5298
5302
5438
5574
5710
5846
5850
5986
6122
6258
6394
6398
6534
6670
6806
6942
6946
7082
7218
7354
7490
7494
7630
7766
7902
8038
8042
8178
8314
8450
8586
8590
8726
8862
8998
9134
9138
9274
92
96
232
368
504
640
644
780
916
1052
1188
1192
1328
1464
1600
1736
1740
1876
2012
2148
2284
2288
2424
2560
2696
2832
2836
2972
3108
3244
3380
3384
3520
3656
3792
3928
3932
4068
4204
4340
4476
4480
4616
4752
4888
5024
5028
5164
5300
5436
5572
5576
5712
5848
5984
6120
6124
6260
6396
6532
6668
6672
6808
6944
7080
7216
7220
7356
7492
7628
7764
7768
7904
8040
8176
8312
8316
8452
8588
8724
8860
8864
9000
9136
9272
87
91
223
227
359
363
499
635
639
771
775
907
911
1047
1183
1187
1319
1323
1455
1459
1595
1731
1735
1867
1871
2003
2007
2143
2279
2283
2415
2419
2551
2555
2691
2827
2831
2963
2967
3099
3103
3239
3375
3379
3511
3515
3647
3651
3787
3923
3927
4059
4063
4195
4199
4335
4471
4475
4607
4611
4743
4747
4883
5019
5023
5155
5159
5291
5295
5431
5567
5571
5703
5707
5839
5843
5979
6115
6119
6251
6255
6387
6391
6527
6663
6667
6799
6803
6935
6939
7075
7211
7215
7347
7351
7483
7487
7623
7759
7763
7895
7899
8031
8035
8171
8307
8311
8443
8447
8579
8583
8719
8855
8859
8991
8995
9127
9131
9267
85
89
225
361
365
497
501
633
637
773
909
913
1045
1049
1181
1185
1321
1457
1461
1593
1597
1729
1733
1869
2005
2009
2141
2145
2277
2281
2417
2553
2557
2689
2693
2825
2829
2965
3101
3105
3237
3241
3373
3377
3513
3649
3653
3785
3789
3921
3925
4061
4197
4201
4333
4337
4469
4473
4609
4745
4749
4881
4885
5017
5021
5157
5293
5297
5429
5433
5565
5569
5705
5841
5845
5977
5981
6113
6117
6253
6389
6393
6525
6529
6661
6665
6801
6937
6941
7073
7077
7209
7213
7349
7485
7489
7621
7625
7757
7761
7897
8033
8037
8169
8173
8305
8309
8445
8581
8585
8717
8721
8853
8857
8993
9129
9133
9265
9269
86
90
222
226
362
498
502
634
638
770
774
910
1046
1050
1182
1186
1318
1322
1458
1594
1598
1730
1734
1866
1870
2006
2142
2146
2278
2282
2414
2418
2554
2690
2694
2826
2830
2962
2966
3102
3238
3242
3374
3378
3510
3514
3650
3786
3790
3922
3926
4058
4062
4198
4334
4338
4470
4474
4606
4610
4746
4882
4886
5018
5022
5154
5158
5294
5430
5434
5566
5570
5702
5706
5842
5978
5982
6114
6118
6250
6254
6390
6526
6530
6662
6666
6798
6802
6938
7074
7078
7210
7214
7346
7350
7486
7622
7626
7758
7762
7894
7898
8034
8170
8174
8306
8310
8442
8446
8582
8718
8722
8854
8858
8990
8994
9130
9266
9270
88
224
228
360
364
496
500
636
772
776
908
912
1044
1048
1184
1320
1324
1456
1460
1592
1596
1732
1868
1872
2004
2008
2140
2144
2280
2416
2420
2552
2556
2688
2692
2828
2964
2968
3100
3104
3236
3240
3376
3512
3516
3648
3652
3784
3788
3924
4060
4064
4196
4200
4332
4336
4472
4608
4612
4744
4748
4880
4884
5020
5156
5160
5292
5296
5428
5432
5568
5704
5708
5840
5844
5976
5980
6116
6252
6256
6388
6392
6524
6528
6664
6800
6804
6936
6940
7072
7076
7212
7348
7352
7484
7488
7620
7624
7760
7896
7900
8032
8036
8168
8172
8308
8444
8448
8580
8584
8716
8720
8856
8992
8996
9128
9132
9264
9268
